pathway94_15_3,0.7890988518060579,0.09782911059442789,0.2797785419100996,0.999945972229726,0.684207682748933,0.32081689988654166,0.06045707493651737,0.0027013885136960396,0.10178832,0.28051218,0.41822898,0.6631909,0.8734129
halve_2_4,0.884163116545292,0.264036932550148,0.5222958389476346,0.9999410099103351,0.896295422369042,0.7077041057102407,0.40567484662576686,0.17331288343558282,0.2190892,0.49315715,0.64021945,0.83358896,0.9505663
donate_1_less,0.8890339737180291,0.2641170896586992,0.528493436183725,0.9999443331106658,0.9041972834558005,0.733856602093075,0.42256735693609443,0.16716766867067467,0.2187152,0.50718105,0.6582053,0.84624803,0.9529615
pathway19_135_1,0.9191316593665813,0.367412872628362,0.6291846037851907,0.9997874149659864,0.9479166666666666,0.8224914965986394,0.5544217687074829,0.3046343537414966,0.27763605,0.58120745,0.7268282,0.90008503,0.9772534
pathway19_30_7,0.78625517679842,0.11304472041700349,0.3166020813235449,0.9993993993993994,0.6942942942942943,0.38618618618618616,0.11471471471471471,0.004204204204204204,0.124024026,0.30960962,0.44144145,0.67477477,0.85945946
pathway19_60_1,0.8642226241663123,0.273198455554867,0.5319834694116525,0.9997874149659864,0.8439625850340136,0.6719812925170068,0.4145408163265306,0.18579931972789115,0.22895408,0.4985119,0.6194728,0.79634356,0.9204932
pathway49_60_1,0.8956835794908977,0.29002227234610656,0.5536774670670086,0.9999013514846602,0.9156555193844332,0.7373976521653349,0.455065601262701,0.20242675347736017,0.23527671,0.5188912,0.6583802,0.851534,0.9639933
pathway19_60_3,0.9101212504204403,0.2790293395311556,0.5463328452048012,0.0,0.9415564441710244,0.7997539218701938,0.4509381728698862,0.16302676099661642,0.21777914,0.53491235,0.7040911,0.88342047,0.9713934
pathway94_30_0,0.8421780859961778,0.19474165930196696,0.4337349172214252,0.999944527652965,0.8189937316247851,0.5787984689632218,0.2744771731291951,0.09286070893659511,0.17867643,0.40650135,0.5503411,0.7595829,0.9114661
pathway94_45_5,0.8870777392564175,0.2647463023774785,0.5250087187980365,0.9999414108272792,0.9002812280290602,0.720881181157722,0.407780642137333,0.170611670963206,0.2175416,0.49753925,0.6466487,0.8398172,0.951371
pathway19_15_4,0.7626078620763366,0.07955421106808311,0.23757190381779922,0.9997596153846153,0.6185096153846154,0.2375,0.023557692307692307,0.0028846153846153848,0.08028846,0.24711539,0.3764423,0.6266827,0.8403846
pathway49_15_2,0.7945220250992878,0.10103658532600214,0.290238292923148,0.99988539995416,0.7081136832454733,0.37416914966765985,0.05970662388264955,0.0006876002750401101,0.103025444,0.2975017,0.44098097,0.68072426,0.87233555
pathway19_120_3,0.9400682134705074,0.41520926863670526,0.6950010601434905,0.9996924023377423,0.967087050138419,0.8840356813288219,0.675484466318056,0.383881882497693,0.29713935,0.66717935,0.7982159,0.92740697,0.9870809
pathway94_60_2,0.896861763843601,0.2912899440244224,0.5556352253251143,0.999947927515101,0.9178296188294105,0.7518225369714643,0.45563424286606957,0.20589460529056447,0.23568007,0.5205166,0.6698084,0.8574255,0.962612
pathway19_90_1,0.8904059528777094,0.3481438858073086,0.6078485421363685,0.9997874149659864,0.8968962585034014,0.7393707482993197,0.5159438775510204,0.2918792517006803,0.26913264,0.5520833,0.67495745,0.8365221,0.9460034
pathway49_75_9,0.9081052826094455,0.34330392586517156,0.6094455397615733,0.9999025436117337,0.9288568365656369,0.7845239255433194,0.5303576649449372,0.2778481629470812,0.2630348,0.5653445,0.7011987,0.8694084,0.9671572
pathway19_15_2,0.6919154909531622,0.059586642521563024,0.19860625149304584,0.9997649823736781,0.37767332549941246,0.13019976498237368,0.016686251468860165,0.00282021151586369,0.072620444,0.20047003,0.30199766,0.5076381,0.74994123
pathway19_15_8,0.7754511132511258,0.09605475903830549,0.2782141099336121,0.9993446920052425,0.6562909567496723,0.32634338138925295,0.06323722149410223,0.002948885976408912,0.10419397,0.28178245,0.40858454,0.6517038,0.8502621
pathway19_15_0,0.7546534142805238,0.08031221720086867,0.2467862424670312,0.9993863148204971,0.5952746241178275,0.26296409941699905,0.027615833077631175,0.0009205277692543725,0.08407487,0.2565204,0.38416693,0.61337835,0.8250997
pathway49_60_0,0.8981161270855822,0.30428855377559016,0.5672926693460687,0.9998934129183543,0.9205926241739502,0.753997015561714,0.4691963334043914,0.22148795565977403,0.24269879,0.529951,0.66787463,0.85536134,0.963867
halve_1_0,0.892718669963362,0.2644897529577262,0.5278846843357354,0.9999425452456191,0.9146222349899454,0.7285262855501293,0.4187877046825625,0.17098534903763288,0.22062625,0.5020971,0.6504453,0.84808964,0.96196496
pathway49_90_8,0.9086194994918699,0.3005172022327153,0.570639088946871,0.9998983739837398,0.9363821138211382,0.7919715447154472,0.49339430894308944,0.20995934959349594,0.23739837,0.5449187,0.701626,0.8770325,0.9714431
pathway19_60_4,0.8912548218381537,0.25622638656898833,0.5132999553853252,0.9997596153846153,0.9096153846153846,0.7310096153846154,0.38341346153846156,0.14735576923076923,0.2079327,0.4954327,0.64855766,0.84471154,0.9584135
pathway94_60_1,0.880891154681813,0.2871164046323683,0.5429179880807299,0.9999473074085784,0.8857097692064496,0.6986510696596059,0.42796922752660976,0.2096638212667299,0.23411319,0.50179154,0.6333123,0.82300556,0.94704396
pathway49_15_8,0.7696899891144491,0.11055775609849869,0.29605108964430665,0.9998983739837398,0.6425813008130081,0.3276422764227642,0.0951219512195122,0.025101626016260162,0.11382114,0.28922763,0.41351625,0.64014226,0.83577234
pathway94_45_2,0.8791069288339229,0.23546730713402456,0.4904189960510871,0.999947927515101,0.8924703186836076,0.6849614663611747,0.358571131014372,0.12518225369714642,0.20152052,0.4670902,0.6188294,0.82503647,0.94959384
pathway49_60_3,0.9172213065069161,0.33552004202385777,0.6002248766981141,0.9998814604077761,0.9470128022759602,0.8224276908487435,0.5171882408724514,0.2582977714556662,0.25592697,0.5621148,0.7252252,0.89568514,0.9764106
pathway49_90_0,0.9099158069573696,0.33886874501786607,0.6070837911587571,0.0,0.9358345768492858,0.7934342357706246,0.522703048390535,0.287145597953528,0.26923898,0.5627798,0.7072053,0.87913024,0.9689832
pathway94_60_6,0.8808512312786362,0.2746889094958044,0.5276248709563712,0.9999512171325431,0.8899946338845798,0.7053514805600273,0.4015317820381482,0.19249719498512122,0.22566955,0.48880434,0.6342261,0.8277477,0.9458998