pathway49_90_9,0.9125206529817007,0.34399343699735174,0.6138119050142283,0.9999025436117337,0.9372380859565345,0.8017737062664457,0.5452684923496736,0.2794074651593412,0.26157296,0.57635707,0.71942306,0.8805185,0.9700809
pathway49_75_3,0.9224712914471338,0.35149334587239556,0.619168811175481,0.9998814604077761,0.9547178757705074,0.8326220957799905,0.544452347083926,0.2846135609293504,0.26505452,0.5807255,0.7377904,0.90398294,0.97984827
halve_1_6,0.8934878023376918,0.308752921435695,0.5713769485159013,0.9999386088771564,0.9057646264350175,0.7424028485480999,0.4697648719995089,0.24329301982933269,0.2496777,0.52802503,0.6673829,0.8457241,0.95598257
pathway49_15_9,0.8008771817715901,0.10449675025714365,0.29279599625322206,0.9999025436117337,0.7185459506870675,0.36955462430562325,0.06451612903225806,0.005067732189845044,0.106909655,0.29909366,0.4408927,0.6861904,0.8821752
pathway19_135_6,0.9087016838265831,0.34750428520960797,0.6055400299783817,0.0,0.9378976838890303,0.7854415881903792,0.5105624840926445,0.2822601170781369,0.26648003,0.5553576,0.70017815,0.8798677,0.9674217
pathway94_60_9,0.8885277876499299,0.2852590192861665,0.5483486954714926,0.9999493106244931,0.8993815896188159,0.733323195458232,0.44768856447688565,0.20113544201135442,0.23119424,0.5180454,0.6575426,0.8380981,0.95113546
pathway49_75_6,0.899730948161768,0.3049185032713044,0.5741689512745597,0.9999076724217524,0.9200443172375589,0.7590250207737052,0.48425814790878036,0.2335887729664851,0.24743791,0.5398393,0.68137753,0.85993904,0.9617764
pathway94_15_5,0.8137291202333832,0.12252409576227376,0.3371218019110671,0.9999414108272792,0.7558003280993673,0.4663112256854933,0.12555659714084838,0.0011717834544176236,0.12643543,0.34315678,0.48552847,0.7099836,0.8894422
pathway19_60_7,0.8605287666044422,0.22592253682959598,0.47448962311235093,0.9996996996996997,0.8513513513513513,0.6453453453453454,0.32762762762762765,0.12042042042042042,0.1984985,0.44864866,0.5912913,0.7864865,0.93033034
pathway19_60_6,0.8769302057304894,0.28796247436847844,0.5394927905573612,0.9997454823110206,0.8752863324001018,0.7014507508271824,0.41588190379231355,0.20539577500636294,0.23262917,0.49096462,0.6278951,0.8220921,0.9384067
pathway49_30_8,0.828060340137319,0.1679474150211998,0.3947658009314177,0.9998983739837398,0.785670731707317,0.525609756097561,0.216260162601626,0.051626016260162604,0.15945122,0.37703252,0.51941055,0.73567075,0.89989835
pathway19_135_7,0.8970703802902,0.2971913048427676,0.5595881197947047,0.9996996996996997,0.9186186186186186,0.7663663663663663,0.46726726726726725,0.2018018018018018,0.23603603,0.5267267,0.6798799,0.85825825,0.95855856
pathway49_75_2,0.8943468738927544,0.2853566347302669,0.5406071170831441,0.99988539995416,0.9154251661700664,0.7477652991061197,0.4181755672702269,0.19069447627779051,0.2270227,0.5065322,0.6628467,0.85354114,0.9592024
pathway49_30_1,0.8655748177830237,0.20085310954783148,0.44540210643890077,0.0,0.8699812567820854,0.6200059189109204,0.28706717963894646,0.07674854493439874,0.17855382,0.43425077,0.5756141,0.7942192,0.94495416
pathway19_90_8,0.9169894831006066,0.36479198742136604,0.6366114499462442,0.9996723460026212,0.9413499344692006,0.8247051114023591,0.5727391874180865,0.3112712975098296,0.2735911,0.594692,0.7336173,0.8912189,0.96592396
pathway94_60_4,0.8765930927994814,0.23899660679030185,0.49399652783355286,0.9999520613614573,0.8837488015340365,0.6800575263662512,0.36366251198465965,0.13178331735378715,0.2033557,0.4696069,0.6173538,0.82238734,0.9442953
pathway94_15_2,0.7956965100405978,0.1269521944778373,0.3267772583518778,0.999947927515101,0.7032909810456155,0.3985627994167882,0.12091230993543012,0.029473026452822328,0.12559883,0.31863153,0.45120808,0.6760571,0.86945426
pathway49_15_6,0.768505200601173,0.10470869460108728,0.2949241041022659,0.9999076724217524,0.6281968423968239,0.32582402363586005,0.1014680084941372,0.009140430246514633,0.11531714,0.2863078,0.40984213,0.63253623,0.83759576
pathway19_90_3,0.9298662073132572,0.3590080066828081,0.639224125920261,0.9996924023377423,0.9600123039064903,0.8631190402952937,0.6031990156874808,0.3032912949861581,0.26822516,0.61427253,0.76991695,0.91633344,0.98246694
halve_2_3,0.8881961456543219,0.2831346232396294,0.5473758035773382,0.9999426605504587,0.9025229357798165,0.7306192660550459,0.4473623853211009,0.19902522935779818,0.23176606,0.51548165,0.6558486,0.84162843,0.950172
pathway94_15_1,0.7898893395927757,0.13681720048390367,0.3466072336348799,0.9999473074085784,0.6895879439350827,0.41822109811360525,0.15765623353356517,0.03704289176941722,0.1380019,0.33175257,0.45689747,0.66940665,0.85773003
pathway94_30_9,0.8384504360596874,0.17614739441457725,0.4108567068676562,0.9999493106244931,0.8107765612327656,0.558698296836983,0.23570559610705596,0.0584448499594485,0.16468978,0.3988747,0.5392843,0.7520276,0.9108374
pathway19_135_3,0.9361232469676282,0.43408838934577587,0.7079211460776587,0.9996924023377423,0.9627806828668102,0.8741925561365733,0.6828668102122424,0.4177176253460474,0.31159642,0.66717935,0.7963703,0.91448784,0.979391
pathway19_120_9,0.8784762087669885,0.2663388321031343,0.523017267341982,0.9996237772761475,0.8844996237772762,0.7005267118133935,0.3984198645598194,0.1655379984951091,0.2200903,0.49398044,0.641836,0.824304,0.9405568
pathway49_30_6,0.843843947229022,0.18320259544802459,0.4189204926629471,0.9999076724217524,0.8229157049210599,0.5652294340319454,0.2462376511864094,0.08087895854491736,0.16794387,0.4007017,0.54196286,0.7632721,0.91755146
pathway19_120_7,0.8895089783477171,0.2857491697064231,0.5428753079574844,0.9996996996996997,0.9093093093093093,0.7342342342342343,0.4381381381381381,0.1972972972972973,0.22912914,0.5033033,0.6531532,0.84894896,0.95735735
halve_1_1,0.901266589956616,0.30104812493884275,0.562545328248453,0.999938469111494,0.9257937484617278,0.7636598572483386,0.45945114447452623,0.21012798424809254,0.23830913,0.5300271,0.6820084,0.8639552,0.9639429
pathway49_90_5,0.8977294413595166,0.2943318898423353,0.5561266658059444,0.9999007049945388,0.9165921954125708,0.7560321715817694,0.4556647800615629,0.19809353589514447,0.23115878,0.52765363,0.67510676,0.85780954,0.962963
pathway19_135_9,0.8922756454772188,0.27373206514693804,0.545691486440877,0.9996237772761475,0.9145974416854779,0.7468021068472536,0.46237772761474794,0.16440933032355154,0.22159518,0.5308503,0.6640331,0.84988713,0.9544771