pathway19_90_4,0.9062205156188631,0.30917460623397075,0.5739604958354292,0.9997596153846153,0.9257211538461538,0.7894230769230769,0.4891826923076923,0.22115384615384615,0.2423077,0.5456731,0.69134617,0.8769231,0.96634614
pathway19_120_4,0.9174739325803429,0.33043642772905774,0.5991601235424845,0.9997596153846153,0.946875,0.8204326923076923,0.5372596153846154,0.22572115384615385,0.24254808,0.5793269,0.73052883,0.8894231,0.9754808
pathway94_60_5,0.9013307989921442,0.31688245901714995,0.5831893257309301,0.9999414108272792,0.9222521677993907,0.768221232716194,0.49179751581907666,0.24648464963674713,0.2520506,0.5451723,0.6898875,0.8640731,0.9607453
pathway19_75_2,0.8855013902357416,0.23905430028882702,0.4917198310481448,0.0,0.909048178613396,0.7017626321974149,0.3555816686251469,0.1372502937720329,0.20047003,0.4693302,0.6223267,0.8371328,0.9588719
pathway19_120_1,0.8984812520750629,0.3648211324640061,0.6215666879796926,0.9997874149659864,0.9032738095238095,0.7591411564625851,0.5255102040816326,0.3197278911564626,0.28231293,0.5614371,0.6915391,0.8558673,0.954932
pathway19_60_9,0.8613861218947811,0.22675310952133795,0.4745817415593109,0.9996237772761475,0.8498871331828443,0.6602708803611738,0.3295711060948081,0.1109857035364936,0.18848759,0.45297217,0.60195637,0.78856283,0.9281415
donate_1_middle,0.8939312806363213,0.2921005659499758,0.5566536859168958,0.9999423365240456,0.9076231115211625,0.7550455541460039,0.452542959289586,0.2066658978203206,0.23434436,0.52646756,0.6788144,0.85036325,0.9534079
pathway49_45_2,0.8696101861122079,0.2355716900685425,0.48907125674099894,0.99988539995416,0.8654595461838185,0.6634196653678661,0.35411414164565663,0.1356864542745817,0.20146687,0.46424478,0.6099014,0.80403394,0.9396058
pathway19_135_0,0.8910708166146176,0.31784830092791105,0.5737569871623865,0.9996931574102486,0.898741945382019,0.7382632709420067,0.462104940165695,0.2586683031604787,0.2555999,0.5207119,0.6548021,0.8428966,0.9545873
dtb,0.8032778853897781,0.12123067400710433,0.3273612526944956,0.9998797498797499,0.7402597402597403,0.4353054353054353,0.11099086099086099,0.014911014911014911,0.121572874,0.3284031,0.47041848,0.6981722,0.87506014
pathway94_15_8,0.7716646819489528,0.11134762912988184,0.30593991725244807,0.9999506026476981,0.6508595139300534,0.367318711717052,0.09864651254692748,0.017289073305670817,0.116133176,0.29934797,0.43074492,0.6452282,0.8355562
halve_2_8,0.876508650175332,0.2771760410741607,0.5331595721875007,0.999941249045297,0.8767404970330768,0.696140062276012,0.41213794724164265,0.20016450267316843,0.231185,0.49121672,0.63039774,0.81716704,0.9409553
pathway49_30_3,0.861858146459979,0.1983190654356402,0.4276222720146798,0.9998814604077761,0.8679468942626838,0.6065670934091987,0.24798482693219534,0.085941204362257,0.17271219,0.40493125,0.5647226,0.79457086,0.94440496
pathway19_30_6,0.8204086670495984,0.14390477447431796,0.3632649295215324,0.9997454823110206,0.7671163145838635,0.49121913973021125,0.16798167472639347,0.022143038941206415,0.14431153,0.35352507,0.49936372,0.7235938,0.89513874
pathway94_30_4,0.830637862485506,0.14642123038360444,0.36797296558114495,0.9999520613614573,0.7999520613614574,0.5043624161073825,0.16816874400767018,0.02473633748801534,0.14232981,0.36284757,0.5067114,0.7377277,0.90949184
pathway19_60_5,0.8593842431440373,0.18031783850509028,0.4083320507810897,0.9996978851963746,0.8761329305135952,0.5870090634441087,0.22145015105740182,0.06132930513595166,0.15830816,0.3873112,0.55135953,0.7939577,0.94199395
pathway49_90_7,0.9029619266665831,0.33004897802438965,0.5884269898193044,0.9998965659908978,0.9218038891187422,0.7734795200661978,0.4856226727347952,0.2572403806371535,0.25620604,0.543856,0.6884568,0.8653289,0.9641084
halve_2_9,0.8935075981283991,0.28470229718650103,0.5466613031803141,0.999940796874075,0.9117873423716772,0.7409863240779113,0.44242496003789,0.19613995618968683,0.2291753,0.51779056,0.6606477,0.8502161,0.9587354
pathway49_30_7,0.848757990342391,0.20318713165829883,0.4430693533559628,0.0,0.8271617707902358,0.5861605295821266,0.28113363673976005,0.09991725279271825,0.18380223,0.41880432,0.5591642,0.7661357,0.9209764
pathway94_30_1,0.8479006406762342,0.2056765790411747,0.4486367983137063,0.9999473074085784,0.8234798187374855,0.5889450943197386,0.29523658973548317,0.10506902729476236,0.18647908,0.42233112,0.55785644,0.7650964,0.91811574
pathway49_15_3,0.7773301305728078,0.09767658636143833,0.276195054073424,0.9998814604077761,0.6395211000474158,0.30689900426742533,0.06069227121858701,0.0129208155523945,0.10206259,0.27655286,0.40279752,0.6380986,0.8601233
pathway19_120_8,0.9404202028407838,0.44638220468672823,0.7149930765079086,0.9996723460026212,0.9695281782437746,0.8833551769331586,0.6762778505897772,0.436435124508519,0.3217562,0.66186106,0.7929227,0.9302097,0.9865662
pathway94_15_9,0.7457998309146919,0.07868706201520233,0.23722819115674726,0.9999493106244931,0.5585462287104623,0.21958637469586376,0.025192619626926198,0.0055758313057583135,0.08454988,0.24011557,0.36602798,0.5969181,0.8132603
pathway94_45_9,0.8776242439145645,0.25374266196782935,0.5101792726920247,0.9999493106244931,0.8853913219789132,0.6927210056772101,0.3880778588807786,0.15353811841038117,0.21482158,0.48114356,0.62621653,0.82091445,0.944191
pathway49_30_5,0.8388616060284924,0.1920263369844924,0.41979916075552204,0.9999007049945388,0.8085592294707576,0.5491013802005759,0.24923046370767551,0.09373448515539669,0.17257471,0.39191738,0.53202266,0.7510674,0.9166915
pathway49_105_2,0.9029615766676145,0.2990112446300617,0.5647041333013988,0.99988539995416,0.9260829704331882,0.7772175108870043,0.47192298876919553,0.20364428145771257,0.2387119,0.53243184,0.6880587,0.8652303,0.96653676
pathway19_135_2,0.9073533484362688,0.3028636459215767,0.5717294290796514,0.9997649823736781,0.9353701527614571,0.7849588719153937,0.4780258519388954,0.2390129259694477,0.24888366,0.53795534,0.69142187,0.8747356,0.97038776
pathway94_45_8,0.8614485855938786,0.22925399154552706,0.4856393064095114,0.9999506026476981,0.8509681881051175,0.6564908120924718,0.3527958901402885,0.12211025489033787,0.19847856,0.46576762,0.60580915,0.79277813,0.9250642
pathway49_105_0,0.9134944771002207,0.3631825160587359,0.6280594882994974,0.9998934129183543,0.9384992538904284,0.8044127051801322,0.5516947345981666,0.3051588147516521,0.27499467,0.5820721,0.7157323,0.8836069,0.96994245