pathway49_45_7,0.8629028824804987,0.23770001574267735,0.48569055357958807,0.9998965659908978,0.8514687629292511,0.6409805544062888,0.3411253620190319,0.14118742242449317,0.20635085,0.45335126,0.59319407,0.7906496,0.93276787
pathway49_105_6,0.9075839691611347,0.32438849145834425,0.593196000085067,0.9999076724217524,0.9304773335795402,0.7912473455821254,0.5165728002954483,0.25233127135075245,0.25399315,0.561444,0.70492107,0.8752654,0.96463853
halve_1_2,0.8890873941204972,0.28495307583387286,0.5429046341428941,0.9999383857054837,0.9066543438077634,0.7233518176216882,0.42889710412815774,0.1966728280961183,0.2306223,0.5065311,0.6500924,0.8421442,0.9552064
pathway49_45_3,0.9023694867570006,0.28753019204661073,0.5514481835941436,0.9998814604077761,0.9298245614035088,0.765647226173542,0.4529397818871503,0.19760550023707918,0.2299668,0.5215742,0.67591274,0.8677098,0.968587
pathway94_30_3,0.859036626124621,0.18528357589652275,0.4267653975370266,0.999945972229726,0.8563401588416446,0.6120265816629747,0.25479496461181045,0.06299638013939164,0.16781026,0.4179048,0.56939864,0.78999406,0.93586904
pathway49_60_4,0.8975688803706782,0.2785722585935658,0.5373130860240166,0.999909338168631,0.9209428830462375,0.7517679057116954,0.4266545784224841,0.1728014505893019,0.22076155,0.5130553,0.6652765,0.8548504,0.9632819
pathway19_30_4,0.8359340288358913,0.13671575532902147,0.3496480674342778,0.0,0.8223557692307693,0.5175480769230769,0.13028846153846155,0.014423076923076924,0.12860577,0.35120192,0.5127404,0.75769234,0.9170673
pathway19_45_8,0.8913097040514084,0.3067242051251432,0.5701026678292522,0.9996723460026212,0.9079292267365662,0.7552424639580603,0.46231979030144166,0.23034076015727392,0.24442989,0.5337484,0.67758846,0.8502621,0.9498689
pathway19_30_2,0.7605722151678869,0.09013940576379093,0.26952638118609107,0.9997649823736781,0.5884841363102232,0.273090481786134,0.07403055229142186,0.0021151586368977674,0.10693302,0.26204467,0.38096356,0.6117509,0.8387779
halve_2_1,0.9092129774354699,0.34479456001354863,0.6075968934988052,0.99993272335845,0.9306377825618946,0.793729817007535,0.5242195909580194,0.27617061356297096,0.26567546,0.56324005,0.7074139,0.8793057,0.9676399
donate_2_middle,0.8524743228229196,0.17865266205740432,0.41175158242071624,0.9999273994482358,0.8449252214316829,0.5914766952228837,0.22963554523014376,0.05989545520545956,0.15935822,0.40257007,0.5557572,0.78118193,0.92768985
pathway94_30_8,0.8394076387460808,0.19058958379981503,0.43470938274840654,0.9999506026476981,0.8141177632878878,0.5926200355660937,0.277267338470658,0.07854179016004742,0.17387868,0.41992688,0.5598696,0.7627939,0.90199566
pathway19_105_8,0.9339852510640709,0.4264391718388514,0.6987591508310212,0.9996723460026212,0.9616644823066841,0.8650065530799476,0.6677588466579292,0.381389252948886,0.30602884,0.6589122,0.7876802,0.9167759,0.9809961
donate_2_more,0.8513801334955636,0.21378185670561717,0.4577667867899155,0.9999301041448242,0.8325295309988118,0.6003355001048438,0.3082407213252254,0.11316138952960089,0.18941776,0.43195638,0.5662263,0.77276856,0.9224855
pathway19_30_9,0.8258044442638712,0.17568123734291385,0.4077596766427486,0.9996237772761475,0.781790820165538,0.5564334085778782,0.21933784800601958,0.0763732129420617,0.16666667,0.38826185,0.53574115,0.7340105,0.88976675
pathway49_45_5,0.8661592145725634,0.23545547950321982,0.4786974086373161,0.9999007049945388,0.8647602025618112,0.6655744216065932,0.3240988978254394,0.13295601231258067,0.19839142,0.4493099,0.599444,0.8045874,0.9346639
pathway19_30_8,0.8588769889906539,0.2296189765464629,0.48126526256263746,0.9996723460026212,0.848951507208388,0.6546526867627785,0.3391218872870249,0.1290956749672346,0.20478375,0.45347312,0.5910878,0.791612,0.9249672
pathway49_30_9,0.8481416960360768,0.17499284558844927,0.3988499461953545,0.9999025436117337,0.8327648377351136,0.5622259039080012,0.2111879933729656,0.06091024266640678,0.15895137,0.38865608,0.53844655,0.7677614,0.9294416
pathway49_105_3,0.9236010614224459,0.38069010768151723,0.647622080080028,0.9998814604077761,0.9534139402560455,0.8358226647700332,0.5872451398767188,0.31981981981981983,0.28437647,0.603248,0.7452584,0.899597,0.9784258
halve_1_5,0.9052898843226117,0.3284719630636762,0.5925521488500968,0.9999379768033244,0.9283011846430566,0.7827947652422006,0.49978291881163556,0.2588848229237735,0.25652793,0.5471066,0.69639647,0.8719221,0.96464676
pathway49_60_5,0.8803818196602375,0.2623352784663585,0.5163813346253835,0.9999007049945388,0.8858107437195909,0.7092642240095324,0.39549200675206037,0.16145367887995235,0.2147751,0.48585045,0.636481,0.8291133,0.9446927
pathway19_120_2,0.9086130068653686,0.2815138615998287,0.5500884203692853,0.9997649823736781,0.9346650998824911,0.799764982373678,0.46321974148061107,0.16216216216216217,0.22538191,0.5363102,0.6989424,0.87943596,0.9699177
pathway19_15_5,0.7373662695024593,0.07029077279743251,0.22524729703610655,0.9996978851963746,0.540785498489426,0.2120845921450151,0.02175226586102719,0.0009063444108761329,0.07341389,0.23776434,0.35558912,0.58640486,0.8066465
pathway49_45_9,0.8906430257155956,0.28094607683912753,0.5350761617520392,0.9999025436117337,0.9113146866777118,0.7305330864438164,0.41370236819023487,0.1870188090829354,0.22434461,0.49800214,0.65149593,0.84494686,0.9581912
pathway49_45_0,0.8840299913306854,0.28223146667135934,0.5378628199432222,0.9998934129183543,0.8927733958644213,0.7058196546578555,0.41643572798976763,0.1952675335749307,0.22948198,0.49808145,0.63994884,0.82722235,0.9520358
pathway19_120_0,0.8796274060992474,0.31492904010746336,0.5677381800260507,0.9996931574102486,0.8800245474071802,0.7069653267873581,0.4482970236268794,0.26327094200675055,0.2580546,0.51181346,0.6434489,0.8198834,0.9429273
pathway19_105_6,0.8949027051233458,0.2980230873259583,0.5558108811160287,0.9997454823110206,0.917790786459659,0.7398829218630695,0.4474420972257572,0.21150419954186817,0.23364724,0.5148893,0.6604734,0.84983456,0.9585136
pathway19_30_1,0.8221215586530533,0.16251276558742386,0.3912516353512609,0.9997874149659864,0.780187074829932,0.5072278911564626,0.21343537414965985,0.055272108843537414,0.16135204,0.37691328,0.50786567,0.7253401,0.8941327
halve_2_0,0.9039520835154414,0.32105169044793525,0.5887250257107746,0.9999270658595288,0.9226898111005761,0.7760921887535556,0.5111224564218511,0.2362336809860696,0.24870542,0.5573627,0.69477063,0.8679892,0.9647728