pathway19_45_1,0.8417541750648959,0.19298294081853545,0.9997874149659864,0.8099489795918368,0.5784438775510204,0.2810374149659864,0.07100340136054421
pathway19_15_6,0.6836427887961172,0.054339740171301984,0.9997454823110206,0.3469076100789005,0.133876304403156,0.002799694578773225,0.00025451768897938407
pathway19_45_0,0.8229287433171822,0.16357162155244576,0.0,0.7698680576864069,0.5078244860386621,0.21632402577477755,0.06505062902730899
halve_2_7,0.906910292736267,0.30795605099071854,0.9999396863691195,0.9355850422195416,0.7825693606755126,0.48413751507840774,0.21682750301568154
pathway19_105_7,0.8876402321240159,0.28085018723667965,0.9996996996996997,0.9015015015015015,0.73003003003003,0.43993993993993996,0.18288288288288287
pathway49_15_1,0.7762458212038207,0.09483821043528821,0.9999013514846602,0.6418072408010259,0.2912104172832199,0.06737693597711354,0.0049324257669922066
pathway19_30_0,0.8051832850159036,0.12777875801853383,0.9996931574102486,0.7321264191469776,0.43663700521632404,0.1356244246701442,0.013194231359312672
halve_1_7,0.8909129090231386,0.27536227320098694,0.9999312052834343,0.9085718216840947,0.7378233351678591,0.42563291139240506,0.16930379746835442
pathway19_15_1,0.7184607764699934,0.07050597414833684,0.9997874149659864,0.46279761904761907,0.1566751700680272,0.032525510204081634,0.0040391156462585035
pathway19_135_8,0.9404755692854095,0.45264239928376726,0.9996723460026212,0.963302752293578,0.8922018348623854,0.6942988204456094,0.4354521625163827
pathway49_45_8,0.8790952215116663,0.24222010890244683,0.9998983739837398,0.8947154471544716,0.6885162601626016,0.35782520325203254,0.13963414634146343
pathway94_15_6,0.7806818272813756,0.10281811692191997,0.9999512171325431,0.6649592663056735,0.3354797795014391,0.07722327918435046,0.009756573491389824
pathway94_30_6,0.8448753507893785,0.1947896014846075,0.9999512171325431,0.8281379579491682,0.5843699692667935,0.267476462266452,0.09337040831260061
pathway19_45_7,0.8312438113789465,0.19252244380175576,0.9996996996996997,0.7834834834834835,0.5603603603603604,0.27417417417417417,0.0867867867867868
pathway19_45_4,0.850233338851446,0.14277826050067483,0.9997596153846153,0.8478365384615385,0.5689903846153846,0.13509615384615384,0.009615384615384616
pathway49_75_1,0.9028014580167631,0.2959606004304286,0.9999013514846602,0.9275919897405545,0.7671895037979678,0.47449935878465027,0.2161388971095985
pathway94_45_1,0.8745181976558133,0.25614840204795497,0.9999473074085784,0.8783854989988408,0.671092844346085,0.37812203604173256,0.17288439245442092
pathway49_105_1,0.9146624881365439,0.34343856631630526,0.9999013514846602,0.9414027818881325,0.8078326921179836,0.5349708986879748,0.27148071421525105
pathway94_45_7,0.8747618267877327,0.2238581079161972,0.9999471207233885,0.8857807625191687,0.6777008090529322,0.3343556660144889,0.11030617101158056
pathway19_105_2,0.9054929073627674,0.2793107406924319,0.9997649823736781,0.9346650998824911,0.7741480611045829,0.44935370152761456,0.172737955346651
pathway19_75_5,0.8860518949676722,0.269398669555779,0.9996978851963746,0.9003021148036254,0.7211480362537764,0.3987915407854985,0.17039274924471298
pathway49_90_2,0.9013948140058459,0.2961119083912205,0.99988539995416,0.9243639697455879,0.7636947054778822,0.46527618611047444,0.19527847811139123
pathway49_105_7,0.8994751195433306,0.3324482106446208,0.9998965659908978,0.9138394704178734,0.7596193628465039,0.5063094745552338,0.2807199007033513
pathway94_60_3,0.8985406818591185,0.2908550901872383,0.999945972229726,0.9187422335080231,0.7657355880922795,0.4557242422605219,0.20233399967583338
pathway19_90_0,0.86272610010224,0.2712627990717359,0.9996931574102486,0.8481129180730286,0.6517336606320957,0.39245167229211414,0.20711874808223382
pathway49_30_0,0.8663622241821616,0.25107513205880555,0.9998934129183543,0.8563206139415903,0.6507141334470262,0.3591984651460243,0.16563632487742486
pathway19_45_5,0.8573254019075557,0.19000185761764682,0.9996978851963746,0.8513595166163141,0.6060422960725076,0.26012084592145013,0.0716012084592145
pathway19_60_2,0.8464856408387321,0.19085642306662506,0.9997649823736781,0.8225616921269095,0.58213866039953,0.263454759106933,0.0827262044653349