pathway94_30_5,0.8533474846449558,0.17620810179574115,0.4205177886880698,0.9999414108272792,0.8455003515350363,0.6077454886337005,0.2574994141082728,0.027419732833372394,0.16422544,0.41469416,0.5687837,0.78064215,0.92606044
pathway19_105_5,0.8943945508049098,0.26980696998363524,0.5301268349130827,0.9996978851963746,0.9199395770392749,0.7305135951661631,0.42235649546827797,0.17129909365558912,0.2202417,0.5024169,0.6543807,0.8549849,0.96253777
pathway94_45_0,0.8661413691660426,0.22038165600376244,0.470395137504097,0.999944527652965,0.8651467243579076,0.6583458146114162,0.3241249237255228,0.10462084650801576,0.19193432,0.45248795,0.59871304,0.80412716,0.933877
pathway19_15_3,0.7069390712593684,0.038771565229190785,0.09752351409036081,0.9996924023377423,0.004613964933866502,0.0009227929867733005,0.0006151953245155337,0.0006151953245155337,0.017840665,0.118117504,0.2368502,0.52230084,0.8012919
pathway49_15_5,0.7646738643123893,0.09541856768846867,0.2787156371892078,0.9999007049945388,0.6156290338595969,0.3065236818588025,0.06930791381193525,0.0034753251911428854,0.10555059,0.278026,0.40274054,0.6257571,0.8353689
pathway94_45_3,0.8887505376374517,0.2633957648044448,0.5236922661324542,0.999945972229726,0.906531957426117,0.7296450375493003,0.4053703603652277,0.16872872656545465,0.21875845,0.49500242,0.64703655,0.8433195,0.9544546
halve_2_6,0.9169897801350226,0.3593506623195383,0.6285846632708796,0.9999325509240523,0.943140428976123,0.8183596384729529,0.5618508026440038,0.2996087953595036,0.2736409,0.5915958,0.7324295,0.89053017,0.9716714
pathway49_45_1,0.8768388902036829,0.23603640182471394,0.49196707466327577,0.9999013514846602,0.8836934004143238,0.6711058498569596,0.36845220479431784,0.12409983229752392,0.20242675,0.47065207,0.6130019,0.8147381,0.94939333
pathway19_105_1,0.8930760268341877,0.34138011340087776,0.5959046919761142,0.9997874149659864,0.8996598639455783,0.7357568027210885,0.4895833333333333,0.28316326530612246,0.2680697,0.53720236,0.667517,0.84502554,0.9532313
pathway19_75_3,0.9259450711163526,0.3469432109156397,0.6289155976542643,0.9996924023377423,0.9523223623500462,0.845585973546601,0.5893571208858812,0.26484158720393725,0.25807443,0.6065826,0.75669026,0.9071055,0.98000616
pathway19_75_9,0.8743075362009806,0.23733622904848095,0.49643092062620553,0.9996237772761475,0.8841234010534236,0.68209179834462,0.372836719337848,0.11926260346124906,0.20316027,0.47592175,0.62528217,0.8212942,0.9401806
pathway94_45_6,0.8669633802917109,0.2438463258126007,0.4925237727147943,0.9999512171325431,0.8625298795063174,0.6567149617054491,0.35060246841309334,0.1549343870432704,0.20971754,0.45733938,0.59983414,0.8005756,0.93692374
halve_1_3,0.9144673204300475,0.35919387551066595,0.6267372408623764,0.9999268792044458,0.9402603100321731,0.8082041532611874,0.5630301257677683,0.2981134834747002,0.27164376,0.5888418,0.7233109,0.8875402,0.96950865
pathway19_90_5,0.8901924567990426,0.2743455709870969,0.5314479457716771,0.9996978851963746,0.9102719033232628,0.7323262839879154,0.4148036253776435,0.17764350453172206,0.2205438,0.5024169,0.652568,0.8462236,0.9589124
pathway49_15_7,0.7719829001220584,0.10822298559954224,0.28660569526312707,0.9998965659908978,0.6238105088953247,0.2914770376499793,0.09764170459247,0.02596193628465039,0.11294994,0.27275547,0.39677286,0.6310509,0.8492966
pathway94_30_7,0.851356867196333,0.17712771306433933,0.41431816489147616,0.9999471207233885,0.8418909629316271,0.594627465496272,0.23298609275025117,0.05414837925017186,0.16085877,0.40658876,0.55993867,0.7773254,0.92644495
pathway49_75_5,0.8853424386222397,0.27025377962410674,0.5269169289261046,0.9999007049945388,0.8948465892165625,0.7170092344355079,0.41515241783338297,0.16890080428954424,0.21795253,0.49806374,0.64333236,0.8362625,0.9502532
pathway94_60_7,0.8983397003146653,0.3097441182865339,0.5736889377786449,0.9999471207233885,0.9162392258473904,0.7631537200571096,0.4759663687800751,0.2391729681137962,0.24816245,0.5345037,0.68219554,0.85907674,0.9589128
halve_2_5,0.9028780501097547,0.3199203972652716,0.5824287799295217,0.9999333022076969,0.9237644233975856,0.770692990062029,0.4920963116120856,0.23731074501434002,0.24851598,0.5451878,0.6889882,0.86467016,0.96525043
pathway49_75_7,0.8942394238820346,0.2830200094903848,0.5413439561384575,0.9998965659908978,0.9139429044269756,0.7388291270169631,0.43183698800165493,0.19859329747621018,0.22734796,0.50713694,0.660633,0.8521928,0.959247
pathway49_60_7,0.880312223724153,0.26383418398774044,0.5146972998751991,0.9998965659908978,0.8918080264791063,0.6946628051303269,0.3888084402151427,0.16446007447248656,0.21338436,0.4799338,0.6261895,0.8272652,0.9477658
pathway49_60_9,0.8955695472931409,0.293986893582551,0.5534118981330322,0.9999025436117337,0.9138485527726342,0.7449566319072215,0.4467400838124939,0.20387876425299678,0.23301822,0.51944256,0.667089,0.8527434,0.9616022
pathway49_60_2,0.8814684792357244,0.24071504687639683,0.4993528097963271,0.99988539995416,0.8891817556727023,0.7004354801741921,0.37657575063030024,0.13729085491634196,0.20501949,0.4796012,0.62846667,0.82695395,0.9511804
pathway49_105_9,0.9191141812664374,0.3837755537183667,0.6486315739564399,0.9999025436117337,0.9433778384173083,0.8231166552967547,0.5777214696423351,0.3386609492252217,0.28778872,0.596628,0.73511356,0.88831496,0.97466135
pathway49_75_8,0.9073608021019235,0.3049480737592132,0.5709546488592889,0.9998983739837398,0.9358739837398374,0.7843495934959349,0.4801829268292683,0.22398373983739836,0.24197154,0.53831303,0.69115853,0.8788618,0.9697155
pathway49_45_6,0.8572862605300656,0.21062732043056348,0.45648154149235426,0.9999076724217524,0.8431354445572893,0.6284738251315668,0.2995106638352876,0.1108854214753947,0.1894562,0.42969254,0.58110976,0.7842305,0.92789215
pathway19_45_9,0.8370031786558257,0.1960999743212361,0.43206534735171626,0.9996237772761475,0.8043641835966893,0.5797592174567344,0.24454477050413845,0.09969902182091799,0.17456734,0.40632054,0.5511663,0.7528217,0.9025583
pathway49_45_4,0.8824677163076606,0.22811966395371452,0.48634190501945995,0.999909338168631,0.8980961015412511,0.7056210335448776,0.3512239347234814,0.1099728014505893,0.19274706,0.47425205,0.6315503,0.8338169,0.95049864