pathway19_90_7,0.8874117414712009,0.27480648690119885,0.5330251532010395,0.9996996996996997,0.9051051051051051,0.7222222222222222,0.4273273273273273,0.1735735735735736,0.21891892,0.5069069,0.6501502,0.8423423,0.95105106
pathway19_135_5,0.9083587257541923,0.30978747621443375,0.5741056480481662,0.9996978851963746,0.9401812688821752,0.7879154078549849,0.48580060422960725,0.22416918429003022,0.244713,0.5383686,0.6978852,0.8809668,0.9731118
pathway19_120_6,0.9057298992727946,0.33730973328111286,0.6026352284219509,0.0,0.9266989055739374,0.7938406719266989,0.5171799440061084,0.26571646729447695,0.25986257,0.56070244,0.7034869,0.8709595,0.9615678
pathway49_75_0,0.9069813075060538,0.3320783389408031,0.5947853752578687,0.9998934129183543,0.9333830739714346,0.7869324237902366,0.5099125985930505,0.2645491366446387,0.25879344,0.5529738,0.6955873,0.874547,0.9659987
pathway19_90_9,0.8768077800681771,0.24656385960475713,0.5116501655661483,0.9996237772761475,0.8811136192626035,0.6911211437170806,0.3980436418359669,0.14597441685477802,0.21181339,0.49134687,0.6331828,0.81903684,0.9413093
pathway19_75_4,0.9004244453025436,0.28638903194965093,0.5478955555677845,0.9997596153846153,0.9233173076923077,0.7699519230769231,0.45745192307692306,0.16610576923076922,0.21971154,0.52115387,0.68341345,0.8627404,0.9641827
pathway94_15_7,0.7702819922847342,0.08018209922076965,0.2432336606320052,0.9999471207233885,0.6346570778911744,0.255354026756914,0.01935381523980752,0.0008989477023954312,0.07995347,0.25519538,0.4000846,0.6361906,0.8463857
pathway19_135_4,0.9200603861205765,0.34358978645816374,0.6156162635994913,0.9997596153846153,0.9442307692307692,0.8288461538461539,0.559375,0.2742788461538462,0.26153848,0.5951923,0.73677886,0.90072113,0.97836536
btd,0.7854469661767189,0.12228613249744957,0.3274857963454507,0.9999561403508772,0.6820175438596491,0.39710526315789474,0.1287280701754386,0.018464912280701753,0.12811403,0.31991228,0.44688597,0.6641667,0.85333335
pathway19_15_7,0.7132436643851058,0.07149091917911322,0.23073411549240352,0.9990990990990991,0.46186186186186184,0.2057057057057057,0.02942942942942943,0.0006006006006006006,0.084684685,0.23453453,0.34474474,0.5465465,0.76636636
pathway19_75_7,0.8708386918449981,0.23507147793483824,0.49129935926425955,0.9996996996996997,0.8744744744744745,0.6768768768768769,0.36696696696696696,0.12912912912912913,0.2033033,0.46846846,0.6126126,0.8078078,0.93933934
pathway49_30_2,0.8375778151645051,0.13368323865207424,0.3532555285526084,0.99988539995416,0.8150355260142104,0.5161586064634426,0.13534265413706165,0.0032088012835205133,0.13018565,0.36374053,0.5136374,0.7548705,0.91863394
pathway19_75_8,0.907822798195178,0.3554722910497411,0.6163194926200306,0.9996723460026212,0.9252948885976409,0.799475753604194,0.5235910878112713,0.3043905635648755,0.27490172,0.56946266,0.708388,0.8777851,0.96133685
pathway49_75_4,0.9017098999268908,0.3025412018427425,0.5634597227959723,0.999909338168631,0.9278331822302811,0.7668177697189483,0.46210335448776063,0.21677243880326383,0.23789665,0.5306437,0.67851317,0.8660018,0.9643699
pathway19_105_0,0.8701883650072906,0.27767664357780847,0.5302059877630556,0.9996931574102486,0.8637618901503529,0.6802700214789813,0.4034980055231666,0.21110770174900276,0.23074563,0.47959498,0.61920834,0.8076097,0.9321878
pathway19_60_0,0.8431545564900597,0.21492820196383758,0.4610007090804445,0.9996931574102486,0.8137465480208653,0.5940472537588217,0.3154341822644983,0.12795335992635778,0.19484505,0.42528382,0.5664314,0.7646517,0.9030377
pathway49_90_3,0.9227719189792705,0.36212944381415063,0.6324910756184775,0.9998814604077761,0.9527027027027027,0.8317923186344239,0.575154101469891,0.30393551446183026,0.2748933,0.59826934,0.7377904,0.9030346,0.98020387
pathway19_45_3,0.8772938178166771,0.17245100535813254,0.4086489578381221,0.0,0.8994155644417102,0.6831744078745001,0.20701322669947708,0.024915410642879113,0.1461089,0.4223316,0.6053522,0.8320517,0.95324516
pathway19_75_1,0.8646961222849847,0.2892726436431118,0.5471416710197399,0.9997874149659864,0.8533163265306123,0.6857993197278912,0.4268707482993197,0.2302295918367347,0.24255952,0.49914965,0.6279762,0.7969813,0.9190051
pathway49_105_4,0.9151645391482478,0.330214588469899,0.5942451271198121,0.999909338168631,0.9465095194922938,0.8122393472348142,0.515593834995467,0.2411604714415231,0.24932003,0.56301,0.7146872,0.89165914,0.97515863
pathway49_15_4,0.7432313150802398,0.06635722132035594,0.21106588349379568,0.999909338168631,0.5478694469628287,0.16337262012692658,0.006527651858567543,0.00027198549410698095,0.07044424,0.2225748,0.34859475,0.58912057,0.81767905
pathway49_60_6,0.8616568977996539,0.23273384590941382,0.48406757294289954,0.9999076724217524,0.8519065644908134,0.6458314098421198,0.3453051426461084,0.14458498753577695,0.2038593,0.45415935,0.5976364,0.79115504,0.9288154
pathway49_105_5,0.8990361415483034,0.3050942655502595,0.5661919712724651,0.9999007049945388,0.9176844404726442,0.7610962168602919,0.467183000695065,0.21527157183993645,0.23979744,0.53351206,0.6785821,0.85959685,0.96197003
pathway49_30_4,0.8396564166947538,0.14929819663020968,0.3783498118577562,0.999909338168631,0.814777878513146,0.5473254759746147,0.17842248413417952,0.018495013599274704,0.13980055,0.38603806,0.530825,0.756301,0.91441524
pathway94_60_0,0.8825517473637228,0.2973268225090921,0.5545185362221536,0.999944527652965,0.8867254673545237,0.7175902812447995,0.44133799301048426,0.21783990680645698,0.24080546,0.510623,0.64780605,0.82426363,0.94413936
donate_2_less,0.8458633535835106,0.1639172000284615,0.3916442981892428,0.9999239659367397,0.8334854014598541,0.5584701946472019,0.2050638686131387,0.04121046228710462,0.15107968,0.3832877,0.5383212,0.7683242,0.92465025
pathway19_75_6,0.8809361288863584,0.27271471383138746,0.5252529678166528,0.0,0.8895393229829474,0.7052685161618732,0.39959277169763296,0.18783405446678544,0.22321202,0.48383814,0.6306948,0.8292186,0.9475694
pathway49_15_0,0.8108103008059733,0.12870993237252348,0.341235663904889,0.9998934129183543,0.7482413131528459,0.4442549562992965,0.12992965252611383,0.013962907695587294,0.1287572,0.33916008,0.47623107,0.70613945,0.8842464