pathway19_45_2,0.8198154756178587,0.1561965475593636,0.37370062599732257,0.9997649823736781,0.7739130434782608,0.482021151586369,0.18589894242068156,0.059224441833137485,0.14782609,0.3508813,0.49541715,0.7172738,0.8949471
halve_1_9,0.9061033264570102,0.34650150027312976,0.6062101629286971,0.9999297012302285,0.9288576449912127,0.7803163444639719,0.5187346221441125,0.2814059753954306,0.26643234,0.5591564,0.6956766,0.8695255,0.96688926
pathway94_30_2,0.8505942742784747,0.18167335005173235,0.41197164129460573,0.999947927515101,0.8364403249323058,0.5740470735263487,0.23843990835242657,0.06977712976463236,0.16309102,0.39502186,0.5456676,0.77416164,0.9292856
pathway49_105_8,0.918819409123207,0.36609899440165555,0.6357876314396572,0.9998983739837398,0.9434959349593496,0.8217479674796748,0.5708333333333333,0.3173780487804878,0.27947155,0.59247965,0.7354675,0.8922764,0.97591466
pathway19_30_3,0.8601557198977096,0.14781943304531567,0.36445137142615286,0.0,0.8723469701630268,0.5902799138726545,0.1205782836050446,0.02891418025223008,0.124269456,0.37496156,0.55183023,0.80036914,0.94155645
pathway94_15_4,0.7760957474392516,0.0888761238893899,0.26122078373363894,0.9999520613614573,0.6557526366251198,0.2849472674976031,0.040268456375838924,0.002828379674017258,0.093432404,0.26764143,0.39971235,0.6466443,0.85488975
halve_2_2,0.9157921886758935,0.3526995752565806,0.6208203849411884,0.9999328227865109,0.940615343275561,0.8151283084777643,0.5528684670159881,0.28866048636302566,0.2682386,0.58336693,0.7283353,0.8867392,0.9723902
pathway19_75_0,0.8561657546910715,0.25928019177475486,0.5106896091425568,0.9996931574102486,0.8343050015342129,0.6305615219392452,0.3777232279840442,0.1979134703896901,0.22399509,0.46425283,0.592513,0.7803007,0.9193004
pathway19_120_5,0.8988326792985684,0.2801348410664549,0.5461917551745924,0.0,0.9262839879154079,0.7525679758308157,0.43323262839879156,0.2054380664652568,0.23111783,0.51299095,0.66495466,0.8616314,0.96646523
pathway19_105_3,0.9342309755764429,0.39483535083969723,0.6721665911766788,0.0,0.961857889880037,0.8683482005536758,0.649031067363888,0.3272839126422639,0.27868348,0.6447247,0.7899108,0.9203322,0.9840049
pathway19_105_4,0.9106128094935455,0.29594899172347583,0.5666517634319923,0.9997596153846153,0.9377403846153847,0.8117788461538461,0.48197115384615385,0.18677884615384616,0.22932692,0.546875,0.71033657,0.8875,0.965625
halve_1_4,0.9049709159710186,0.3247230945080479,0.5869707631718415,0.9999293984750071,0.9268568201073143,0.7800056481219995,0.49498729172550127,0.24837616492516237,0.25296527,0.5486444,0.6922479,0.8710816,0.96519345
pathway19_15_9,0.7927512373248861,0.1255203995073188,0.3310748432064835,0.9996237772761475,0.7155756207674944,0.41309255079006774,0.12114371708051166,0.0199398043641836,0.12528217,0.32769,0.45786306,0.68924004,0.86305493
pathway49_60_8,0.9004895499743869,0.2792501448189542,0.5424638262305065,0.9998983739837398,0.928760162601626,0.7623983739837399,0.4396341463414634,0.18282520325203253,0.22723578,0.5172764,0.6702236,0.8644309,0.96717477
pathway19_90_6,0.8989979627572409,0.30408566152935346,0.5668326564667258,0.0,0.9157546449478239,0.7645711376940697,0.4759480783914482,0.22015780096716722,0.24230084,0.53245103,0.6775261,0.8561975,0.9656401
halve_1_8,0.91771067583718,0.34535422666229776,0.6159579367889223,0.9999290528556226,0.9470024831500532,0.8185172046825115,0.5463639588506563,0.27797091167080523,0.26293012,0.58127,0.72749203,0.8946435,0.97467184
donate_1_more,0.8542976919059632,0.20809556891873174,0.4506471022711516,0.9999405080611578,0.8418109346183592,0.6090784698673329,0.29412814563626627,0.102445118686418,0.18353263,0.42762807,0.5706467,0.77595335,0.92498064
pathway19_60_8,0.9093691662782885,0.328525856610819,0.6014523861261213,0.9996723460026212,0.9331585845347313,0.7961992136304062,0.5216251638269986,0.2758846657929227,0.26310617,0.56782436,0.7165793,0.8823722,0.964941
pathway19_45_6,0.8557955005755312,0.2280882629264435,0.46523835286879545,0.0,0.8470348689233902,0.6128785950623569,0.31534741664545685,0.13871214049376432,0.19546959,0.424281,0.56884706,0.7826419,0.9256808
pathway19_30_5,0.8162741846913905,0.12788160424754857,0.3361211596913108,0.9996978851963746,0.7637462235649547,0.45861027190332326,0.13746223564954682,0.01812688821752266,0.13021149,0.3326284,0.48308158,0.7169184,0.894864
pathway94_45_4,0.8564192072433703,0.18196268107918517,0.421474760842673,0.9999520613614573,0.8535474592521572,0.6055608820709492,0.24731543624161073,0.061361457334611694,0.16495685,0.4093001,0.56495684,0.7848514,0.9342282
pathway19_90_2,0.8913413583063265,0.22437400072172412,0.48009549630050374,0.0,0.918918918918919,0.7245593419506463,0.35205640423031725,0.08695652173913043,0.18072855,0.47967097,0.6465335,0.8545241,0.96051705
pathway19_105_9,0.8722196995199447,0.24083106777476274,0.49751015614053073,0.9996237772761475,0.8848758465011287,0.6824680210684725,0.37133182844243795,0.14296463506395787,0.2069225,0.47893152,0.6106095,0.8130173,0.94093305
pathway49_90_6,0.9028781359700464,0.3135401965182373,0.582671747658457,0.0,0.9240144031022066,0.7731511402455914,0.49986150863262857,9.232757824762257e-05,0.25168496,0.5505493,0.68941003,0.86538637,0.96233034
pathway94_60_8,0.8787846306096894,0.23525014515897757,0.4964231238380782,0.9999506026476981,0.8881643943884607,0.6985279589014028,0.3736909701639992,0.1191958111045248,0.20060265,0.48004347,0.6346078,0.82261413,0.94462556
pathway94_15_0,0.7817896560242883,0.10814391003050976,0.29942062936160535,0.999944527652965,0.6757641315804072,0.3564653020469296,0.09003161923780995,0.01109446940700061,0.111499414,0.29478005,0.42902315,0.65984356,0.85205525
pathway49_90_1,0.9022443215492262,0.29086330980300934,0.5542289700656625,0.0,0.9292690145013317,0.7616651869389366,0.45457235868600177,0.18703758508434448,0.23064023,0.5261912,0.68067473,0.86199075,0.96922165
pathway49_90_4,0.9138721171015076,0.3284584876728299,0.5973459623638988,0.999909338168631,0.9413417951042611,0.8093381686310064,0.5189483227561197,0.24932003626473254,0.25276518,0.56373525,0.7205802,0.8888486,0.9714415